Datetime dTdt
 1e-05
 -0.0001028537090563198
 -0.0002187517017359152
 -0.00032236018084383085
 -0.0004102092356897133
 -0.00048727096329572773
 -0.0005489746077248099
 -0.0005811508565008728
 -0.0005575867955372092
 -0.000480772849447076
 -0.0004003288769186458
 -0.00031743221306367763
 -0.0002273650120148887
 -0.00012144279315728546
 -2.658283225069466e-05
 4.017586349051744e-05
 0.00010306423261048207
 0.00013781109451102482
 0.00012932008130412835
 8.357602027456996e-05
 7.727211692023366e-06
 -8.393217988906717e-05
 -0.0001961437813363998
 -0.00035376193759949757
 -0.0005367380814123811
 -0.0007215970393378165
 -0.0009081981345551143
 -0.0010921061321179687
 -0.0012688786635486023
 -0.0014384115009781382
 -0.0015897237486572477
 -0.0016874243914521347
 -0.0017006631175537964
 -0.0016140830160244802
 -0.0014531430178255712
 -0.0012178687408651682
 -0.0009612500439584482
 -0.000785239526785107
 -0.00067306177756969
 -0.0006129014611010878
 -0.000617564817613177
 -0.000641872525607197
 -0.0006740432781282934
 -0.0007377003369360471
 -0.000821148461391347
 -0.000887462970398096
 -0.0009371044332966702
 -0.0009764097301182406
 -0.001028536650121624
 -0.0011191674777499875
 -0.0012017345403112262
 -0.0012815320883252457
 -0.001374035541829399
 -0.0014460887662262913
 -0.0014981452542833986
 -0.001518590735922074
 -0.0014598637247608811
 -0.0013103167223910016
 -0.0011298292218143964
 -0.0009450629029854803
 -0.0007421589745997617
 -0.0005537643079116357
 -0.00039545564914532816
 -0.0002597251599402677
 -0.00014871640057900363
 -6.983502556920256e-05
 -3.633835896585437e-05
 -4.786055826884467e-05
 -9.165157554831258e-05
 -0.0001458734580265391
 -0.00020246633988685032
 -0.0002703447120853898
 -0.00035349702672280076
 -0.00044148325336244366
 -0.0005154036481650862
 -0.0005738740958013354
 -0.0006309257796764235
 -0.0006836752044214253
 -0.0007131990436492808
 -0.0007012001163948885
 -0.0006465815363528605
 -0.0005507067668104846
 -0.00041948814855998726
 -0.000257434722891222
 -8.491049304933033e-05
 6.650776363884094e-05
 0.00019630907567098197
 0.0002800071022396147
 0.0002802285485145291
 0.00022611877137975814
 0.00013320813454886896
 -1.5702596244539256e-05
 -0.0001576506564546524
 -0.00025898777779440177
 -0.0003851363582329695
 -0.0005023348789709513
 -0.0005801581118452951
 -0.0006427274140403132
 -0.0006913272937749856
 -0.0007505607503643072
 -0.0008472589155726227
 -0.000999828280099463
 -0.0011165545536458061
 -0.0011493242183700414
 -0.0011662831322252368
 -0.0011603096360421944
 -0.0011385786577072963
 -0.0011247472399456666
 -0.0011299519435852264
 -0.0011641056391086975
 -0.001188571185498583
 -0.0012021570034372233
 -0.0012302861391581068
 -0.0012372602860005332
 -0.0012570719167897487
 -0.0013159030591743163
 -0.0013625417836008165
 -0.0014140440679112213
 -0.001485110401875921
 -0.0015640349786929819
 -0.001663546427040696
 -0.0017622528173935788
 -0.0018539030650623445
 -0.0019631421794031618
 -0.002070017107119695
 -0.002146848606841617
 -0.0021685114221527495
 -0.002130892692234787
 -0.0020408754149101736
 -0.0018925582208899202
 -0.0017200976815804317
 -0.0015592340307719228
 -0.0013553292193863751
 -0.0011219609665420842
 -0.0009217179539758423
 -0.0007539520213135974
 -0.000637690303900675
 -0.0006059481433942606
 -0.0006411961270493821
 -0.0006921791946847656
 -0.0007283630285465123
 -0.0007638938759432357
 -0.0008150046922666626
 -0.0008606773133589396
 -0.0008995427629908239
 -0.0009334320191043601
 -0.0009727836933175314
 -0.0010265515630808407
 -0.0010779413816783439
 -0.001123525157534681
 -0.0011799034288923862
 -0.0012095195468863169
 -0.0011750545235330056
 -0.0010788827126971376
 -0.0009355619793720059
 -0.0007786964478218179
 -0.0006315129478170262
 -0.0004973288701791208
 -0.0003686781612918056
 -0.00025563060299174244
 -0.00017529729668150004
 -0.0001336185274264949
 -0.00013223572486060906
 -0.00017161405784510506
 -0.00023626524065238982
 -0.0002958984515669968
 -0.0003461720356613793
 -0.00040640896516173897
 -0.0004929133699604746
